11 0.4944444444444446 0.5375 0.18888888888888897 0.5375 0.188888888888889 0.6421875 0.4944444444444446 0.6421875
17 0.21944444444444453 0.4796875 0.16944444444444456 0.4796875 0.16944444444444456 0.5078125 0.21944444444444453 0.5078125
17 0.27777777777777785 0.48125 0.23055555555555562 0.48125 0.23055555555555562 0.5078125 0.27777777777777785 0.5078125
17 0.3361111111111112 0.484375 0.2861111111111112 0.484375 0.2861111111111112 0.5109375 0.3361111111111112 0.5109375
17 0.39166666666666683 0.4859375 0.3472222222222223 0.4859375 0.3472222222222223 0.5109375 0.39166666666666683 0.5109375
17 0.45277777777777795 0.4859375 0.4055555555555557 0.4859375 0.4055555555555557 0.5125 0.45277777777777795 0.5125
17 0.5111111111111113 0.490625 0.46666666666666684 0.490625 0.46666666666666684 0.515625 0.5111111111111113 0.515625
12 0.5944444444444446 0.4921875 0.5472222222222224 0.4921875 0.5472222222222224 0.5203125 0.5944444444444446 0.5203125
12 0.6500000000000001 0.4953125 0.6055555555555557 0.4953125 0.6055555555555557 0.521875 0.6500000000000001 0.521875
12 0.7138888888888889 0.4984375 0.6666666666666669 0.4984375 0.6666666666666669 0.525 0.7138888888888889 0.525
12 0.7722222222222223 0.4984375 0.725 0.4984375 0.725 0.5265625 0.7722222222222223 0.5265625
12 0.5972222222222224 0.4546875 0.5527777777777779 0.4546875 0.5527777777777779 0.4828125 0.5972222222222224 0.4828125
12 0.6611111111111113 0.4546875 0.613888888888889 0.4546875 0.613888888888889 0.484375 0.6611111111111113 0.484375
12 0.7222222222222222 0.45625 0.6722222222222224 0.45625 0.6722222222222224 0.4859375 0.7222222222222222 0.4859375
12 0.7861111111111111 0.459375 0.7333333333333333 0.459375 0.7333333333333333 0.4875 0.7861111111111111 0.4875
29 0.6083333333333335 0.553125 0.5361111111111113 0.553125 0.5361111111111113 0.575 0.6083333333333335 0.575
25 0.7222222222222222 0.553125 0.6777777777777779 0.553125 0.6777777777777779 0.5890625 0.7222222222222222 0.5890625
25 0.21388888888888896 0.4375 0.16111111111111118 0.4375 0.1611111111111112 0.471875 0.21388888888888896 0.471875
25 0.27777777777777785 0.440625 0.2222222222222223 0.440625 0.2222222222222223 0.4734375 0.27777777777777785 0.4734375
25 0.34166666666666673 0.44375 0.288888888888889 0.44375 0.288888888888889 0.4765625 0.34166666666666673 0.4765625
25 0.40277777777777796 0.4453125 0.3500000000000001 0.4453125 0.3500000000000001 0.4765625 0.40277777777777796 0.4765625
25 0.4638888888888891 0.446875 0.4083333333333335 0.446875 0.4083333333333335 0.4796875 0.4638888888888891 0.4796875
25 0.5194444444444446 0.4484375 0.4638888888888891 0.4484375 0.4638888888888891 0.4796875 0.5194444444444446 0.4796875
25 0.6194444444444446 0.346875 0.5638888888888889 0.346875 0.563888888888889 0.3828125 0.6194444444444446 0.3828125
25 0.8333333333333334 0.35625000000000007 0.7611111111111111 0.35625000000000007 0.7611111111111111 0.3890625000000001 0.8333333333333334 0.3890625000000001
2 0.1861111111111112 0.371875 0.16111111111111118 0.371875 0.16111111111111118 0.3875 0.1861111111111112 0.3875
2 0.23333333333333342 0.3734375 0.20833333333333343 0.3734375 0.20833333333333343 0.3875 0.23333333333333342 0.3875
2 0.28333333333333344 0.375 0.2583333333333334 0.375 0.2583333333333334 0.390625 0.28333333333333344 0.390625
2 0.28333333333333344 0.375 0.2583333333333334 0.375 0.2583333333333334 0.390625 0.28333333333333344 0.390625
2 0.33055555555555566 0.378125 0.30555555555555564 0.378125 0.30555555555555564 0.3921875 0.33055555555555566 0.3921875
2 0.38333333333333347 0.3796875 0.35555555555555574 0.3796875 0.35555555555555574 0.3921875 0.38333333333333347 0.3921875
2 0.42500000000000016 0.3796875 0.40000000000000013 0.3796875 0.40000000000000013 0.39375 0.42500000000000016 0.39375
2 0.47500000000000014 0.3828125 0.4500000000000002 0.3828125 0.4500000000000002 0.3984375 0.47500000000000014 0.3984375
2 0.4750000000000001 0.35 0.45 0.35 0.45000000000000007 0.36875 0.47500000000000014 0.36875
2 0.42777777777777787 0.35 0.4027777777777778 0.35 0.40277777777777785 0.3671875 0.4277777777777779 0.3671875
2 0.3777777777777779 0.3484375 0.35277777777777786 0.3484375 0.35277777777777786 0.3640625 0.37777777777777793 0.3640625
2 0.32777777777777783 0.346875 0.30277777777777787 0.346875 0.30277777777777787 0.3609375 0.32777777777777783 0.3609375
2 0.2805555555555556 0.3453125 0.25555555555555565 0.3453125 0.25555555555555565 0.359375 0.2805555555555556 0.359375
2 0.23055555555555562 0.3421875 0.20555555555555563 0.3421875 0.20555555555555563 0.3578125 0.23055555555555562 0.3578125
2 0.18055555555555564 0.340625 0.15555555555555564 0.340625 0.15555555555555564 0.3546875 0.18055555555555564 0.3546875