11 0.4972222222222224 0.3640625 0.19166666666666674 0.3640625 0.19166666666666674 0.4640625 0.4972222222222224 0.4640625
17 0.2250000000000001 0.4953125 0.17500000000000013 0.4953125 0.17500000000000013 0.521875 0.2250000000000001 0.521875
17 0.28333333333333344 0.4953125 0.2361111111111112 0.4953125 0.2361111111111112 0.521875 0.28333333333333344 0.521875
17 0.34166666666666673 0.49375 0.29166666666666674 0.49375 0.29166666666666674 0.5203125 0.34166666666666673 0.5203125
17 0.39722222222222237 0.49375 0.35277777777777786 0.49375 0.35277777777777786 0.51875 0.39722222222222237 0.51875
17 0.4583333333333335 0.49375 0.41111111111111126 0.49375 0.41111111111111126 0.51875 0.4583333333333335 0.51875
17 0.5138888888888891 0.490625 0.4694444444444446 0.490625 0.4694444444444446 0.515625 0.5138888888888891 0.515625
12 0.6000000000000002 0.4890625 0.5527777777777779 0.4890625 0.5527777777777779 0.515625 0.6000000000000002 0.515625
12 0.6527777777777779 0.4875 0.6083333333333335 0.4875 0.6083333333333335 0.5125 0.6527777777777779 0.5125
12 0.7166666666666667 0.4859375 0.6694444444444446 0.4859375 0.6694444444444446 0.5109375 0.7166666666666667 0.5109375
12 0.775 0.4859375 0.7277777777777777 0.4859375 0.7277777777777777 0.5125 0.775 0.5125
12 0.602777777777778 0.5265625 0.5583333333333335 0.5265625 0.5583333333333335 0.553125 0.602777777777778 0.553125
12 0.6638888888888891 0.5265625 0.6166666666666668 0.5265625 0.6166666666666668 0.553125 0.6638888888888891 0.553125
12 0.725 0.5265625 0.6750000000000002 0.5265625 0.6750000000000002 0.553125 0.725 0.553125
12 0.7888888888888889 0.521875 0.7361111111111112 0.521875 0.7361111111111112 0.55 0.7888888888888889 0.55
29 0.6111111111111113 0.434375 0.5416666666666669 0.434375 0.5416666666666669 0.4546875 0.6111111111111113 0.4546875
25 0.725 0.421875 0.6805555555555557 0.421875 0.6805555555555557 0.45625 0.725 0.45625
25 0.21944444444444455 0.53125 0.1666666666666668 0.53125 0.1666666666666668 0.5640625 0.2194444444444446 0.5640625
25 0.28333333333333344 0.5296875 0.22777777777777786 0.5296875 0.22777777777777788 0.5625 0.2833333333333335 0.5625
25 0.3472222222222223 0.528125 0.2944444444444445 0.528125 0.29444444444444456 0.5609375 0.3472222222222224 0.5609375
25 0.4055555555555557 0.5296875 0.35277777777777786 0.5296875 0.3527777777777779 0.559375 0.4055555555555557 0.559375
25 0.46666666666666684 0.5265625 0.41111111111111126 0.5265625 0.41111111111111126 0.559375 0.46666666666666684 0.559375
25 0.5222222222222224 0.5265625 0.46666666666666684 0.5265625 0.46666666666666684 0.5578125 0.5222222222222224 0.5578125
25 0.6222222222222223 0.625 0.5666666666666669 0.625 0.5666666666666669 0.659375 0.6222222222222223 0.659375
25 0.8333333333333334 0.621875 0.7638888888888888 0.621875 0.7638888888888888 0.6546875 0.8333333333333334 0.6546875
2 0.19166666666666682 0.6140625 0.1666666666666668 0.6140625 0.1666666666666668 0.6296875 0.19166666666666682 0.6296875
2 0.23888888888888904 0.6140625 0.21388888888888904 0.6140625 0.21388888888888904 0.628125 0.23888888888888904 0.628125
2 0.28888888888888903 0.6140625 0.26388888888888906 0.6140625 0.26388888888888906 0.628125 0.28888888888888903 0.628125
2 0.28888888888888903 0.6109375 0.26388888888888906 0.6109375 0.26388888888888906 0.6265625 0.28888888888888903 0.6265625
2 0.33611111111111125 0.6125 0.3111111111111113 0.6125 0.3111111111111113 0.625 0.33611111111111125 0.625
2 0.38333333333333347 0.6109375 0.35555555555555574 0.6109375 0.35555555555555574 0.6234375 0.38333333333333347 0.6234375
2 0.4305555555555557 0.6109375 0.4055555555555557 0.6109375 0.4055555555555557 0.625 0.4305555555555557 0.625
2 0.4777777777777779 0.609375 0.45277777777777795 0.609375 0.45277777777777795 0.6234375 0.4777777777777779 0.6234375
2 0.48055555555555574 0.6375 0.4555555555555557 0.6375 0.4555555555555557 0.6546875 0.48055555555555574 0.6546875
2 0.4333333333333335 0.6390625 0.4083333333333335 0.6390625 0.4083333333333335 0.6546875 0.4333333333333335 0.6546875
2 0.38333333333333347 0.640625 0.3583333333333335 0.640625 0.3583333333333335 0.6546875 0.38333333333333347 0.6546875
2 0.3305555555555557 0.64375 0.3083333333333335 0.64375 0.3083333333333335 0.6578125 0.3305555555555557 0.6578125
2 0.28611111111111126 0.64375 0.2611111111111113 0.64375 0.2611111111111113 0.6578125 0.28611111111111126 0.6578125
2 0.23611111111111127 0.64375 0.21111111111111128 0.64375 0.21111111111111128 0.6578125 0.23611111111111127 0.6578125
2 0.18888888888888905 0.6453125 0.16388888888888906 0.6453125 0.16388888888888906 0.659375 0.18888888888888905 0.659375