11 0.4373259052924793 0.3671875 0.0724233983286909 0.3671875 0.0724233983286909 0.484375 0.4373259052924793 0.484375
17 0.11420612813370486 0.521875 0.05292479108635109 0.521875 0.05292479108635109 0.553125 0.11420612813370486 0.553125
17 0.18105849582172714 0.521875 0.1253481894150419 0.521875 0.1253481894150419 0.553125 0.18105849582172717 0.553125
17 0.25348189415041794 0.51875 0.19220055710306413 0.51875 0.1922005571030642 0.5515625 0.253481894150418 0.5515625
17 0.3203342618384402 0.521875 0.26462395543175493 0.521875 0.264623955431755 0.5515625 0.32033426183844027 0.5515625
17 0.3899721448467968 0.5203125 0.3342618384401115 0.5203125 0.33426183844011154 0.55 0.3899721448467968 0.55
17 0.45961002785515337 0.5171875 0.40389972144846814 0.5171875 0.40389972144846814 0.546875 0.45961002785515337 0.546875
12 0.5571030640668525 0.5140625 0.5013927576601673 0.5140625 0.5013927576601673 0.5453125 0.5571030640668525 0.5453125
12 0.6211699164345406 0.5125 0.5654596100278553 0.5125 0.5654596100278553 0.5421875 0.6211699164345406 0.5421875
12 0.6935933147632314 0.509375 0.6378830083565461 0.509375 0.6378830083565461 0.5390625 0.6935933147632314 0.5390625
12 0.7632311977715878 0.5078125 0.7075208913649027 0.5078125 0.7075208913649027 0.540625 0.7632311977715878 0.540625
12 0.562674094707521 0.5578125 0.5097493036211701 0.5578125 0.5097493036211701 0.5890625 0.562674094707521 0.5890625
12 0.6323119777158775 0.55625 0.5766016713091924 0.55625 0.5766016713091924 0.5890625 0.6323119777158775 0.5890625
12 0.7075208913649027 0.55625 0.6462395543175489 0.55625 0.6462395543175489 0.5890625 0.7075208913649027 0.5890625
12 0.7827298050139275 0.553125 0.7186629526462396 0.553125 0.7186629526462396 0.5859375 0.7827298050139275 0.5859375
29 0.5710306406685238 0.4484375 0.48746518105849596 0.4484375 0.48746518105849596 0.471875 0.5710306406685238 0.471875
25 0.7047353760445684 0.434375 0.6518105849582174 0.434375 0.6518105849582174 0.475 0.7047353760445684 0.475
25 0.10584958217270207 0.5640625 0.04456824512534831 0.5640625 0.04456824512534832 0.6015625 0.10584958217270207 0.6015625
25 0.1866295264623957 0.5609375 0.11977715877437338 0.5609375 0.11977715877437338 0.6 0.1866295264623957 0.6
25 0.2590529247910865 0.559375 0.1949860724233985 0.559375 0.1949860724233985 0.5984375 0.2590529247910865 0.5984375
25 0.32869080779944304 0.5609375 0.2674094707520893 0.5609375 0.2674094707520893 0.5953125 0.32869080779944304 0.5953125
25 0.40111420612813387 0.5578125 0.3342618384401116 0.5578125 0.3342618384401116 0.596875 0.40111420612813387 0.596875
25 0.46796657381615614 0.5578125 0.40389972144846814 0.5578125 0.40389972144846814 0.5953125 0.46796657381615614 0.5953125
25 0.5877437325905294 0.675 0.5208913649025071 0.675 0.5208913649025071 0.715625 0.5877437325905294 0.715625
25 0.8384401114206128 0.66875 0.7520891364902507 0.66875 0.7520891364902507 0.7078125 0.8384401114206128 0.7078125
2 0.07520891364902522 0.6625 0.04456824512534833 0.6625 0.044568245125348335 0.68125 0.07520891364902522 0.68125
2 0.13370473537604471 0.6625 0.10306406685236785 0.6625 0.10306406685236785 0.6796875 0.13370473537604471 0.6796875
2 0.18941504178272997 0.6609375 0.15877437325905308 0.6609375 0.15877437325905308 0.678125 0.18941504178272997 0.678125
2 0.18941504178272997 0.659375 0.15877437325905308 0.659375 0.15877437325905308 0.6765625 0.18941504178272997 0.6765625
2 0.2451253481894152 0.6609375 0.2144846796657383 0.6609375 0.2144846796657383 0.6765625 0.2451253481894152 0.6765625
2 0.3036211699164347 0.6578125 0.2729805013927578 0.6578125 0.2729805013927578 0.6734375 0.3036211699164347 0.6734375
2 0.35933147632311996 0.6578125 0.32869080779944304 0.6578125 0.32869080779944304 0.675 0.35933147632311996 0.675
2 0.4150417827298052 0.6546875 0.38440111420612827 0.6546875 0.38440111420612827 0.671875 0.4150417827298052 0.671875
2 0.41782729805013946 0.6890625 0.38718662952646254 0.6890625 0.38718662952646254 0.709375 0.41782729805013946 0.709375
2 0.35933147632311996 0.6921875 0.32869080779944304 0.6921875 0.32869080779944304 0.709375 0.35933147632311996 0.709375
2 0.30083565459610045 0.69375 0.27019498607242354 0.69375 0.27019498607242354 0.7109375 0.30083565459610045 0.7109375
2 0.2451253481894152 0.6953125 0.21727019498607258 0.6953125 0.21727019498607258 0.7125 0.2451253481894152 0.7125
2 0.1866295264623957 0.696875 0.15598885793871883 0.696875 0.15598885793871883 0.7125 0.1866295264623957 0.7125
2 0.1281337047353762 0.696875 0.10027855153203359 0.696875 0.10027855153203359 0.7140625 0.1281337047353762 0.7140625
2 0.07242339832869096 0.6984375 0.041782729805014074 0.6984375 0.04178272980501408 0.715625 0.07242339832869096 0.715625