11 0.952777777777778 0.5046875 0.6611111111111113 0.5046875 0.6611111111111113 0.728125 0.9527777777777781 0.728125
28 0.775 0.4140625 0.6805555555555557 0.4140625 0.6805555555555557 0.4703125 0.775 0.4703125
25 0.7833333333333333 0.3390625000000001 0.7055555555555556 0.3390625000000001 0.7055555555555556 0.3703125000000001 0.7833333333333333 0.3703125000000001
25 0.4944444444444446 0.6953125 0.4277777777777779 0.6953125 0.4277777777777779 0.73125 0.4944444444444446 0.73125
25 0.4916666666666668 0.653125 0.4222222222222224 0.653125 0.4222222222222224 0.6890625 0.4916666666666668 0.6890625
25 0.4944444444444446 0.6109375 0.4277777777777779 0.6109375 0.4277777777777779 0.6453125 0.4944444444444446 0.6453125
25 0.4916666666666668 0.571875 0.4361111111111113 0.571875 0.4361111111111113 0.6015625 0.4916666666666668 0.6015625
25 0.4944444444444446 0.5296875 0.43888888888888905 0.5296875 0.43888888888888905 0.5625 0.4944444444444446 0.5625
25 0.502777777777778 0.4859375 0.43888888888888905 0.4859375 0.43888888888888905 0.5203125 0.502777777777778 0.5203125
25 0.32500000000000007 0.4296875 0.25555555555555565 0.4296875 0.25555555555555565 0.4671875 0.32500000000000007 0.4671875
25 0.33055555555555566 0.296875 0.26388888888888895 0.296875 0.26388888888888895 0.3328125 0.33055555555555566 0.3328125
17 0.5861111111111112 0.696875 0.5194444444444446 0.696875 0.5194444444444446 0.73125 0.5861111111111112 0.73125
17 0.588888888888889 0.6546875 0.5194444444444446 0.6546875 0.5194444444444446 0.6875 0.588888888888889 0.6875
17 0.5861111111111112 0.6140625 0.5250000000000001 0.6140625 0.5250000000000001 0.6453125 0.5861111111111112 0.6453125
17 0.588888888888889 0.5734375 0.5333333333333334 0.5734375 0.5333333333333334 0.6046875 0.588888888888889 0.6046875
17 0.5916666666666668 0.53125 0.5361111111111113 0.53125 0.5361111111111113 0.5625 0.5916666666666668 0.5625
17 0.5972222222222224 0.490625 0.5361111111111113 0.490625 0.5361111111111113 0.5234375 0.5972222222222224 0.5234375
12 0.6083333333333335 0.4390625 0.5388888888888891 0.4390625 0.5388888888888891 0.4734375 0.6083333333333335 0.4734375
12 0.6083333333333335 0.3984375 0.5444444444444446 0.3984375 0.5444444444444446 0.4328125 0.6083333333333335 0.4328125
12 0.6083333333333334 0.3546875 0.5472222222222223 0.3546875 0.5472222222222223 0.3890625 0.6083333333333335 0.3890625
12 0.6166666666666667 0.309375 0.5555555555555556 0.309375 0.5555555555555556 0.3453125 0.6166666666666667 0.3453125
12 0.5083333333333335 0.4375 0.4444444444444446 0.4375 0.4444444444444446 0.4703125 0.5083333333333335 0.4703125
12 0.5055555555555558 0.39375 0.44722222222222235 0.39375 0.44722222222222235 0.4265625 0.5055555555555558 0.4265625
12 0.513888888888889 0.3515625 0.4527777777777778 0.3515625 0.45277777777777783 0.3875 0.5138888888888891 0.3875
12 0.5194444444444445 0.309375 0.45555555555555555 0.309375 0.45555555555555555 0.3421875 0.5194444444444445 0.3421875
12 0.3111111111111113 0.7046875 0.2805555555555557 0.7046875 0.2805555555555557 0.7234375 0.3111111111111113 0.7234375
12 0.3166666666666668 0.6734375 0.28611111111111126 0.6734375 0.28611111111111126 0.6921875 0.3166666666666668 0.6921875
12 0.3166666666666668 0.64375 0.28611111111111126 0.64375 0.28611111111111126 0.659375 0.3166666666666668 0.659375
12 0.3194444444444446 0.6109375 0.28611111111111126 0.6109375 0.28611111111111126 0.6265625 0.3194444444444446 0.6265625
12 0.32222222222222235 0.5796875 0.28888888888888903 0.5796875 0.28888888888888903 0.5953125 0.32222222222222235 0.5953125
12 0.3250000000000002 0.5484375 0.2944444444444446 0.5484375 0.2944444444444446 0.5640625 0.3250000000000002 0.5640625
12 0.32500000000000007 0.515625 0.2944444444444445 0.515625 0.2944444444444445 0.53125 0.32500000000000007 0.53125
12 0.24722222222222237 0.70625 0.21111111111111128 0.70625 0.21111111111111128 0.725 0.24722222222222237 0.725
12 0.25277777777777793 0.6734375 0.2166666666666668 0.6734375 0.2166666666666668 0.6921875 0.25277777777777793 0.6921875
12 0.25000000000000017 0.6421875 0.2166666666666668 0.6421875 0.2166666666666668 0.6609375 0.25000000000000017 0.6609375
12 0.25277777777777793 0.609375 0.2194444444444446 0.609375 0.2194444444444446 0.628125 0.25277777777777793 0.628125
12 0.2555555555555557 0.5765625 0.22777777777777794 0.5765625 0.22777777777777794 0.5953125 0.2555555555555557 0.5953125
12 0.25277777777777793 0.5453125 0.22777777777777794 0.5453125 0.22777777777777794 0.5640625 0.25277777777777793 0.5640625
12 0.2611111111111112 0.5109375 0.23055555555555562 0.5109375 0.23055555555555562 0.5296875 0.2611111111111112 0.5296875