11 0.5222222222222223 0.225 0.15000000000000005 0.225 0.15000000000000005 0.375 0.5222222222222224 0.375
28 0.6805555555555556 0.32343750000000004 0.5888888888888889 0.3234375 0.588888888888889 0.37343750000000003 0.6805555555555557 0.3734375000000001
25 0.8055555555555556 0.3234375000000001 0.7555555555555555 0.3234375000000001 0.7555555555555555 0.36406250000000007 0.8055555555555556 0.36406250000000007
25 0.1861111111111112 0.4671875 0.1277777777777779 0.4671875 0.1277777777777779 0.5015625 0.1861111111111112 0.5015625
25 0.2611111111111112 0.4703125 0.20277777777777786 0.4703125 0.20277777777777786 0.50625 0.2611111111111112 0.50625
25 0.3333333333333334 0.46875 0.2750000000000001 0.46875 0.2750000000000001 0.503125 0.3333333333333334 0.503125
25 0.40000000000000013 0.471875 0.3500000000000001 0.471875 0.3500000000000001 0.5015625 0.40000000000000013 0.5015625
25 0.4722222222222224 0.471875 0.41666666666666685 0.471875 0.41666666666666685 0.5015625 0.4722222222222224 0.5015625
25 0.5416666666666669 0.4703125 0.48611111111111127 0.4703125 0.48611111111111127 0.503125 0.5416666666666669 0.503125
25 0.6333333333333335 0.5703125 0.5722222222222224 0.5703125 0.5722222222222224 0.60625 0.6333333333333335 0.60625
25 0.8611111111111112 0.5703125 0.8027777777777778 0.5703125 0.8027777777777778 0.6046875 0.8611111111111112 0.6046875
17 0.1861111111111112 0.415625 0.13055555555555565 0.415625 0.13055555555555565 0.45 0.1861111111111112 0.45
17 0.2611111111111112 0.4171875 0.20833333333333343 0.4171875 0.20833333333333343 0.453125 0.2611111111111112 0.453125
17 0.33055555555555566 0.41875 0.27777777777777785 0.41875 0.27777777777777785 0.4515625 0.33055555555555566 0.4515625
17 0.40277777777777796 0.41875 0.3500000000000001 0.41875 0.3500000000000001 0.45 0.40277777777777796 0.45
17 0.4694444444444446 0.41875 0.4194444444444446 0.41875 0.4194444444444446 0.4484375 0.4694444444444446 0.4484375
17 0.5416666666666669 0.41875 0.48888888888888904 0.41875 0.48888888888888904 0.45 0.5416666666666669 0.45
12 0.627777777777778 0.4125 0.5722222222222224 0.4125 0.5722222222222224 0.45 0.627777777777778 0.45
12 0.7000000000000002 0.4171875 0.6444444444444446 0.4171875 0.6444444444444446 0.45 0.7000000000000002 0.45
12 0.7722222222222223 0.41875 0.7166666666666667 0.41875 0.7166666666666667 0.45 0.7722222222222223 0.45
12 0.8527777777777777 0.415625 0.7944444444444444 0.415625 0.7944444444444444 0.446875 0.8527777777777777 0.446875
12 0.6305555555555558 0.46875 0.577777777777778 0.46875 0.577777777777778 0.5015625 0.6305555555555558 0.5015625
12 0.7055555555555557 0.4703125 0.6500000000000001 0.4703125 0.6500000000000001 0.5015625 0.7055555555555557 0.5015625
12 0.7777777777777778 0.46875 0.7194444444444444 0.46875 0.7194444444444444 0.5015625 0.7777777777777778 0.5015625
12 0.8527777777777777 0.4671875 0.7944444444444444 0.4671875 0.7944444444444444 0.5 0.8527777777777777 0.5
12 0.163888888888889 0.5640625 0.13611111111111124 0.5640625 0.13611111111111124 0.5796875 0.163888888888889 0.5796875
12 0.2194444444444446 0.5625 0.18888888888888905 0.5625 0.18888888888888905 0.5796875 0.2194444444444446 0.5796875
12 0.2694444444444446 0.5640625 0.24166666666666684 0.5640625 0.24166666666666684 0.58125 0.2694444444444446 0.58125
12 0.3250000000000002 0.5640625 0.2972222222222224 0.5640625 0.2972222222222224 0.5796875 0.3250000000000002 0.5796875
12 0.3805555555555557 0.5640625 0.3527777777777779 0.5640625 0.3527777777777779 0.58125 0.3805555555555557 0.58125
12 0.4361111111111113 0.5640625 0.4083333333333335 0.5640625 0.4083333333333335 0.58125 0.4361111111111113 0.58125
12 0.4916666666666668 0.5640625 0.4638888888888891 0.5640625 0.4638888888888891 0.58125 0.4916666666666668 0.58125
12 0.16111111111111123 0.5984375 0.13055555555555567 0.5984375 0.13055555555555567 0.6171875 0.16111111111111123 0.6171875
12 0.2166666666666668 0.6 0.18611111111111128 0.6 0.18611111111111128 0.6171875 0.2166666666666668 0.6171875
12 0.27222222222222237 0.6 0.24166666666666684 0.6 0.24166666666666684 0.61875 0.27222222222222237 0.61875
12 0.3250000000000002 0.6015625 0.2972222222222224 0.6015625 0.2972222222222224 0.6171875 0.3250000000000002 0.6171875
12 0.38333333333333347 0.6 0.3527777777777779 0.6 0.3527777777777779 0.615625 0.38333333333333347 0.615625
12 0.4361111111111113 0.6015625 0.4055555555555557 0.6015625 0.4055555555555557 0.6140625 0.4361111111111113 0.6140625
12 0.4944444444444446 0.6 0.46111111111111125 0.6 0.46111111111111125 0.615625 0.4944444444444446 0.615625