11 0.5361111111111112 0.23125 0.15555555555555559 0.23125 0.1555555555555556 0.396875 0.5361111111111113 0.396875
28 0.6916666666666668 0.34687500000000004 0.6 0.346875 0.6000000000000001 0.4015625 0.6916666666666669 0.4015625
25 0.8222222222222222 0.3531250000000001 0.7694444444444445 0.3531250000000001 0.7694444444444445 0.3968750000000001 0.8222222222222222 0.3968750000000001
25 0.19444444444444453 0.4765625 0.13611111111111124 0.4765625 0.13611111111111124 0.5140625 0.19444444444444453 0.5140625
25 0.2722222222222223 0.4828125 0.2111111111111112 0.4828125 0.2111111111111112 0.5203125 0.2722222222222223 0.5203125
25 0.34166666666666673 0.484375 0.28333333333333344 0.484375 0.28333333333333344 0.5203125 0.34166666666666673 0.5203125
25 0.41388888888888903 0.4890625 0.36111111111111127 0.4890625 0.36111111111111127 0.5203125 0.41388888888888903 0.5203125
25 0.48888888888888904 0.490625 0.4333333333333335 0.490625 0.4333333333333335 0.5234375 0.48888888888888904 0.5234375
25 0.5583333333333335 0.4921875 0.502777777777778 0.4921875 0.502777777777778 0.5265625 0.5583333333333335 0.5265625
25 0.6555555555555557 0.5953125 0.5916666666666668 0.5953125 0.5916666666666668 0.6328125 0.6555555555555557 0.6328125
25 0.8833333333333333 0.6046875 0.825 0.6046875 0.825 0.6421875 0.8833333333333333 0.6421875
17 0.1972222222222223 0.425 0.13888888888888898 0.425 0.13888888888888898 0.4625 0.1972222222222223 0.4625
17 0.26944444444444454 0.4265625 0.21666666666666676 0.4265625 0.21666666666666676 0.465625 0.26944444444444454 0.465625
17 0.34166666666666673 0.4328125 0.288888888888889 0.4328125 0.288888888888889 0.4671875 0.34166666666666673 0.4671875
17 0.41388888888888903 0.434375 0.36111111111111127 0.434375 0.36111111111111127 0.4671875 0.41388888888888903 0.4671875
17 0.48611111111111127 0.4375 0.4333333333333335 0.4375 0.4333333333333335 0.46875 0.48611111111111127 0.46875
17 0.5527777777777779 0.4390625 0.4972222222222224 0.4390625 0.4972222222222224 0.471875 0.5527777777777779 0.471875
12 0.6444444444444446 0.4375 0.588888888888889 0.4375 0.588888888888889 0.478125 0.6444444444444446 0.478125
12 0.7138888888888889 0.4421875 0.6583333333333334 0.4421875 0.6583333333333334 0.4765625 0.7138888888888889 0.4765625
12 0.7916666666666666 0.446875 0.7361111111111112 0.446875 0.7361111111111112 0.4796875 0.7916666666666666 0.4796875
12 0.8694444444444445 0.4453125 0.8083333333333333 0.4453125 0.8083333333333333 0.48125 0.8694444444444445 0.48125
12 0.6472222222222224 0.49375 0.5916666666666668 0.49375 0.5916666666666668 0.528125 0.6472222222222224 0.528125
12 0.725 0.4984375 0.6694444444444446 0.4984375 0.6694444444444446 0.53125 0.725 0.53125
12 0.7944444444444444 0.4984375 0.7361111111111112 0.4984375 0.7361111111111112 0.5328125 0.7944444444444444 0.5328125
12 0.8694444444444445 0.4984375 0.8111111111111111 0.4984375 0.8111111111111111 0.534375 0.8694444444444445 0.534375
12 0.17777777777777792 0.5765625 0.14722222222222234 0.5765625 0.14722222222222234 0.5921875 0.17777777777777792 0.5921875
12 0.2305555555555557 0.575 0.20000000000000015 0.575 0.20000000000000015 0.59375 0.2305555555555557 0.59375
12 0.2833333333333335 0.5796875 0.2555555555555557 0.5796875 0.2555555555555557 0.596875 0.2833333333333335 0.596875
12 0.3388888888888891 0.58125 0.3111111111111113 0.58125 0.3111111111111113 0.5984375 0.3388888888888891 0.5984375
12 0.3944444444444446 0.5828125 0.3666666666666668 0.5828125 0.3666666666666668 0.6015625 0.3944444444444446 0.6015625
12 0.4500000000000002 0.5828125 0.4222222222222224 0.5828125 0.4222222222222224 0.6015625 0.4500000000000002 0.6015625
12 0.5055555555555558 0.5859375 0.4777777777777779 0.5859375 0.4777777777777779 0.6046875 0.5055555555555558 0.6046875
12 0.17222222222222233 0.6109375 0.14166666666666677 0.6109375 0.14166666666666677 0.6296875 0.17222222222222233 0.6296875
12 0.22777777777777794 0.6125 0.19722222222222238 0.6125 0.19722222222222238 0.63125 0.22777777777777794 0.63125
12 0.2833333333333335 0.615625 0.25277777777777793 0.615625 0.25277777777777793 0.6359375 0.2833333333333335 0.6359375
12 0.34166666666666684 0.61875 0.3111111111111113 0.61875 0.3111111111111113 0.6359375 0.34166666666666684 0.6359375
12 0.39722222222222237 0.61875 0.3666666666666668 0.61875 0.3666666666666668 0.6359375 0.39722222222222237 0.6359375
12 0.45277777777777795 0.6234375 0.4222222222222224 0.6234375 0.4222222222222224 0.6359375 0.45277777777777795 0.6359375
12 0.5138888888888891 0.621875 0.48055555555555574 0.621875 0.48055555555555574 0.640625 0.5138888888888891 0.640625