21 0.38055555555555565 0.3296875 0.1583333333333334 0.3296875 0.15833333333333344 0.484375 0.3805555555555557 0.484375
3 0.31944444444444453 0.4828125 0.1666666666666668 0.4828125 0.1666666666666668 0.5125 0.31944444444444453 0.5125
23 0.3250000000000001 0.5125 0.16111111111111123 0.5125 0.16111111111111123 0.6109375 0.3250000000000002 0.6109375
14 0.6055555555555557 0.403125 0.47500000000000014 0.403125 0.47500000000000014 0.471875 0.6055555555555557 0.471875
5 0.5972222222222224 0.55 0.46666666666666684 0.55 0.46666666666666684 0.5984375 0.5972222222222224 0.5984375
7 0.6083333333333335 0.375 0.4916666666666668 0.375 0.4916666666666668 0.4078125 0.6083333333333335 0.4078125
1 0.6000000000000002 0.4765625 0.5250000000000001 0.4765625 0.5250000000000001 0.5125 0.6000000000000002 0.5125
1 0.5944444444444446 0.5171875 0.5222222222222224 0.5171875 0.5222222222222224 0.55 0.5944444444444446 0.55
1 0.7138888888888889 0.496875 0.6388888888888891 0.496875 0.6388888888888891 0.6671875 0.7138888888888889 0.6671875
19 0.6916666666666667 0.31093750000000003 0.6194444444444445 0.3109375 0.6194444444444445 0.33906250000000004 0.6916666666666667 0.3390625000000001
19 0.688888888888889 0.34062500000000007 0.6138888888888889 0.340625 0.6138888888888889 0.36718750000000006 0.688888888888889 0.3671875000000001
19 0.688888888888889 0.37343750000000003 0.6166666666666668 0.3734375 0.6166666666666668 0.4 0.688888888888889 0.4
19 0.6916666666666669 0.4015625 0.613888888888889 0.4015625 0.613888888888889 0.4265625 0.6916666666666669 0.4265625
19 0.688888888888889 0.43125 0.613888888888889 0.43125 0.613888888888889 0.4546875 0.688888888888889 0.4546875
19 0.6861111111111112 0.4609375 0.6083333333333335 0.4609375 0.6083333333333335 0.4859375 0.6861111111111112 0.4859375