21 0.7604456824512534 0.5109375 0.5320334261838442 0.5109375 0.5320334261838442 0.6765625 0.7604456824512534 0.6765625
3 0.7520891364902507 0.484375 0.5933147632311979 0.484375 0.5933147632311979 0.5171875 0.7520891364902507 0.5171875
23 0.7604456824512534 0.38281250000000006 0.5877437325905294 0.3828125 0.5877437325905294 0.4890625 0.7604456824512534 0.4890625
14 0.434540389972145 0.5171875 0.29805013927576607 0.5171875 0.2980501392757661 0.5921875 0.434540389972145 0.5921875
5 0.4428969359331478 0.3875 0.3036211699164346 0.3875 0.3036211699164346 0.440625 0.4428969359331478 0.440625
7 0.4122562674094709 0.584375 0.29247910863509763 0.584375 0.29247910863509763 0.621875 0.4122562674094709 0.621875
1 0.38161559888579405 0.4765625 0.30083565459610034 0.4765625 0.30083565459610034 0.515625 0.38161559888579405 0.515625
1 0.38440111420612827 0.4375 0.3064066852367689 0.4375 0.3064066852367689 0.4734375 0.38440111420612827 0.4734375
1 0.2618384401114207 0.3125 0.1866295264623956 0.3125 0.1866295264623956 0.490625 0.2618384401114207 0.490625
19 0.2813370473537606 0.6515625 0.20334261838440126 0.6515625 0.20334261838440126 0.68125 0.2813370473537606 0.68125
19 0.28690807799442913 0.6234375 0.2089136490250698 0.6234375 0.2089136490250698 0.653125 0.28690807799442913 0.653125
19 0.28690807799442913 0.590625 0.21169916434540406 0.590625 0.21169916434540406 0.6203125 0.28690807799442913 0.6203125
19 0.28690807799442913 0.5609375 0.2089136490250698 0.5609375 0.2089136490250698 0.5875 0.28690807799442913 0.5875
19 0.28969359331476335 0.5328125 0.20891364902506973 0.5328125 0.20891364902506976 0.559375 0.2896935933147634 0.559375
19 0.29526462395543185 0.5015625 0.21169916434540398 0.5015625 0.21169916434540398 0.5296875 0.29526462395543185 0.5296875