21 0.4805555555555556 0.3359375 0.21666666666666676 0.3359375 0.21666666666666676 0.4515625 0.48055555555555574 0.4515625
3 0.5277777777777779 0.3421875 0.48055555555555557 0.3421875 0.4805555555555556 0.425 0.5277777777777779 0.425
23 0.6944444444444445 0.33906250000000004 0.5277777777777778 0.3390625 0.5277777777777779 0.4265625 0.6944444444444446 0.4265625
14 0.4583333333333335 0.50625 0.33888888888888896 0.50625 0.338888888888889 0.5765625 0.4583333333333335 0.5765625
5 0.6750000000000002 0.5046875 0.5916666666666668 0.5046875 0.5916666666666668 0.5765625 0.6750000000000002 0.5765625
7 0.35000000000000014 0.5171875 0.29166666666666674 0.5171875 0.2916666666666668 0.578125 0.35000000000000014 0.578125
1 0.5277777777777779 0.5359375 0.46666666666666684 0.5359375 0.46666666666666684 0.5765625 0.5277777777777779 0.5765625
1 0.5916666666666668 0.5359375 0.5361111111111113 0.5359375 0.5361111111111113 0.575 0.5916666666666668 0.575
1 0.7916666666666666 0.6015625 0.5000000000000001 0.6015625 0.5000000000000001 0.6375 0.7916666666666666 0.6375
19 0.2305555555555557 0.5828125 0.1833333333333335 0.5828125 0.1833333333333335 0.621875 0.2305555555555557 0.621875
19 0.27777777777777796 0.58125 0.2333333333333335 0.58125 0.2333333333333335 0.621875 0.27777777777777796 0.621875
19 0.3333333333333335 0.5828125 0.28611111111111126 0.5828125 0.28611111111111126 0.621875 0.3333333333333335 0.621875
19 0.3805555555555557 0.58125 0.3388888888888891 0.58125 0.3388888888888891 0.621875 0.3805555555555557 0.621875
19 0.4305555555555557 0.58125 0.38888888888888906 0.58125 0.38888888888888906 0.621875 0.4305555555555557 0.621875
19 0.48055555555555574 0.5796875 0.43888888888888905 0.5796875 0.43888888888888905 0.621875 0.48055555555555574 0.621875