11 0.765625 1.5094880463027962e-16 0.6171875 1.347452606304191e-16 0.6171875 0.09470752089136504 0.765625 0.09470752089136505
22 0.7765625 0.15598885793871883 0.6734375 0.15598885793871883 0.6734375 0.23676880222841243 0.7765625 0.23676880222841243
24 0.7921875 0.22562674094707535 0.6484375 0.22562674094707535 0.6484375 0.35933147632311996 0.7921875 0.35933147632311996
8 0.79375 0.3537604456824514 0.65 0.3537604456824514 0.65 0.4206128133704737 0.79375 0.4206128133704737
8 0.7953125 0.41782729805013946 0.6515625 0.41782729805013946 0.6515625 0.4791086350974932 0.7953125 0.4791086350974932
8 0.7984375 0.48189415041782746 0.65625 0.48189415041782746 0.65625 0.5431754874651812 0.7984375 0.5431754874651812
8 0.8 0.540389972144847 0.659375 0.540389972144847 0.659375 0.6072423398328692 0.8 0.6072423398328692
10 0.3828125 6.566699410469791e-17 0.21875 4.7757813894325755e-17 0.21875 0.15598885793871872 0.3828125 0.15598885793871875
9 0.3703125 0.15041782729805023 0.28125 0.15041782729805023 0.28125 0.21169916434540398 0.3703125 0.21169916434540398
29 0.446875 0.3259052924791087 0.4203125 0.3259052924791087 0.4203125 0.3983286908077996 0.446875 0.3983286908077996
29 0.403125 0.328690807799443 0.3765625 0.328690807799443 0.3765625 0.40111420612813387 0.403125 0.40111420612813387
29 0.3609375 0.33147632311977726 0.334375 0.33147632311977726 0.334375 0.403899721448468 0.3609375 0.403899721448468
29 0.3171875 0.33704735376044576 0.290625 0.33704735376044576 0.290625 0.40668523676880225 0.3171875 0.40668523676880225
7 0.4375 0.4902506963788302 0.3546875 0.49025069637883006 0.3546875 0.5598885793871867 0.4375 0.5598885793871868
27 0.475 0.5988857938718664 0.3328125 0.5988857938718662 0.33281250000000007 0.7214484679665738 0.475 0.7214484679665738
16 0.7359375 0.8579387186629528 0.7078125 0.8579387186629527 0.7078125 0.902506963788301 0.7359375 0.9025069637883012
15 0.740625 0.9192200557103065 0.7046875 0.9192200557103064 0.7046875 0.9832869080779946 0.740625 0.9832869080779948
12 0.79375 0.8635097493036215 0.7734375 0.8635097493036215 0.7734375 0.8969359331476326 0.79375 0.8969359331476326
12 0.7671875 0.8635097493036215 0.7484375 0.8635097493036215 0.7484375 0.8913649025069641 0.7671875 0.8913649025069641
13 0.79375 0.9025069637883012 0.775 0.9025069637883012 0.775 0.9359331476323123 0.79375 0.9359331476323123
13 0.76875 0.9025069637883012 0.75 0.9025069637883012 0.75 0.9303621169916437 0.76875 0.9303621169916437
13 0.7953125 0.9387186629526466 0.775 0.9387186629526466 0.775 0.9693593314763235 0.7953125 0.9693593314763235
13 0.7703125 0.9387186629526466 0.7515625 0.9387186629526466 0.7515625 0.9665738161559891 0.7703125 0.9665738161559891
13 0.76875 0.9777158774373262 0.753125 0.9777158774373262 0.753125 0.986072423398329 0.76875 0.986072423398329
13 0.7984375 0.9749303621169919 0.778125 0.9749303621169919 0.778125 0.9832869080779948 0.7984375 0.9832869080779948
2 0.6953125 0.8802228412256268 0.684375 0.8802228412256268 0.684375 0.8941504178272981 0.6953125 0.8941504178272981
2 0.69375 0.9025069637883009 0.6859375 0.9025069637883009 0.6859375 0.9192200557103064 0.69375 0.9192200557103064
2 0.675 0.8885793871866295 0.6640625 0.8885793871866295 0.6640625 0.9052924791086351 0.675 0.9052924791086351
2 0.6015625 0.883008356545961 0.59375 0.883008356545961 0.59375 0.8997214484679665 0.6015625 0.8997214484679665
2 0.58125 0.883008356545961 0.5703125 0.883008356545961 0.5703125 0.8997214484679665 0.58125 0.8997214484679665
2 0.58125 0.9136490250696379 0.571875 0.9136490250696379 0.571875 0.9303621169916435 0.58125 0.9303621169916435
2 0.5828125 0.9442896935933147 0.5734375 0.9442896935933147 0.5734375 0.9610027855153204 0.5828125 0.9610027855153204
2 0.5828125 0.9749303621169917 0.5734375 0.9749303621169917 0.5734375 0.9888579387186629 0.5828125 0.9888579387186629
12 0.465625 0.7520891364902507 0.446875 0.7520891364902507 0.446875 0.7827298050139275 0.465625 0.7827298050139275
12 0.4421875 0.754874651810585 0.425 0.754874651810585 0.425 0.7799442896935933 0.4421875 0.7799442896935933
13 0.465625 0.7883008356545961 0.4484375 0.7883008356545961 0.4484375 0.8161559888579387 0.465625 0.8161559888579387
13 0.4421875 0.7883008356545961 0.425 0.7883008356545961 0.425 0.8189415041782729 0.4421875 0.8189415041782729
13 0.46875 0.8245125348189415 0.4484375 0.8245125348189415 0.4484375 0.8551532033426184 0.46875 0.8551532033426184
13 0.4453125 0.8245125348189415 0.4265625 0.8245125348189415 0.4265625 0.8551532033426184 0.4453125 0.8551532033426184
13 0.4453125 0.8579387186629527 0.4265625 0.8579387186629527 0.4265625 0.8885793871866295 0.4453125 0.8885793871866295
13 0.46875 0.8607242339832869 0.45 0.8607242339832869 0.45 0.8913649025069638 0.46875 0.8913649025069638
13 0.4703125 0.8969359331476323 0.45 0.8969359331476323 0.45 0.9275766016713092 0.4703125 0.9275766016713092
13 0.446875 0.8941504178272981 0.4296875 0.8941504178272981 0.4296875 0.924791086350975 0.446875 0.924791086350975
16 0.41875 0.8857938718662952 0.3890625000000001 0.8857938718662952 0.3890625000000001 0.9331476323119777 0.41875 0.9331476323119777
16 0.4140625 0.7465181058495822 0.3843750000000001 0.7465181058495822 0.3843750000000001 0.7966573816155988 0.4140625 0.7966573816155988
15 0.421875 0.807799442896936 0.3859375000000001 0.807799442896936 0.3859375000000001 0.8662952646239555 0.421875 0.8662952646239555