11 0.2734375 0.14722222222222228 0.1015625 0.14722222222222225 0.10156250000000003 0.36666666666666664 0.2734375 0.36666666666666664
22 0.3421875 0.13888888888888898 0.3046875 0.13888888888888898 0.3046875 0.29166666666666674 0.3421875 0.29166666666666674
24 0.4015625 0.1083333333333334 0.3390625 0.1083333333333334 0.3390625 0.33055555555555566 0.4015625 0.33055555555555566
8 0.4296875 0.11111111111111119 0.4 0.11111111111111119 0.4 0.3333333333333334 0.4296875 0.3333333333333334
8 0.459375 0.11111111111111122 0.43125 0.11111111111111119 0.43125 0.3333333333333334 0.459375 0.3333333333333334
8 0.4890625 0.10833333333333345 0.4609375 0.10833333333333345 0.4609375 0.33055555555555566 0.4890625 0.33055555555555566
8 0.51875 0.11111111111111123 0.4875 0.11111111111111123 0.4875 0.32777777777777783 0.51875 0.32777777777777783
7 0.16562500000000005 0.7416666666666667 0.10937500000000004 0.7416666666666667 0.10937500000000004 0.8666666666666667 0.16562500000000005 0.8666666666666667
10 0.2984375000000001 0.7277777777777777 0.2093750000000001 0.7277777777777777 0.2093750000000001 0.9833333333333333 0.2984375000000001 0.9833333333333333
13 0.19531250000000006 0.7777777777777778 0.17968750000000006 0.7777777777777778 0.17968750000000006 0.8027777777777778 0.19531250000000006 0.8027777777777778
9 0.3281250000000001 0.7527777777777778 0.2984375000000001 0.7527777777777778 0.2984375000000001 0.8833333333333333 0.3281250000000001 0.8833333333333333
29 0.4171875 0.6444444444444446 0.3828125 0.6444444444444446 0.38281250000000006 0.6805555555555557 0.4171875 0.6805555555555557
29 0.4171875 0.7111111111111111 0.3828125000000001 0.7111111111111111 0.3828125000000001 0.7472222222222222 0.4171875 0.7472222222222222
29 0.41875 0.7722222222222223 0.3843750000000001 0.7722222222222223 0.3843750000000001 0.8111111111111111 0.41875 0.8111111111111111
29 0.41875 0.8388888888888889 0.3859375000000001 0.8388888888888889 0.3859375000000001 0.8777777777777778 0.41875 0.8777777777777778
7 0.49375 0.6638888888888891 0.4609375 0.6638888888888891 0.4609375 0.7861111111111111 0.49375 0.7861111111111111
27 0.571875 0.6194444444444446 0.5140625 0.6194444444444446 0.5140625 0.8277777777777777 0.571875 0.8277777777777777
16 0.6609375 0.2305555555555557 0.6390625 0.2305555555555557 0.6390625 0.27222222222222237 0.6609375 0.27222222222222237
16 0.734375 0.2305555555555557 0.7109375 0.2305555555555557 0.7109375 0.2694444444444446 0.734375 0.2694444444444446
16 0.765625 0.2305555555555557 0.740625 0.2305555555555557 0.740625 0.27222222222222237 0.765625 0.27222222222222237
16 0.8375 0.2305555555555557 0.8125 0.2305555555555557 0.8125 0.27222222222222237 0.8375 0.27222222222222237
15 0.7 0.22500000000000014 0.66875 0.22500000000000014 0.66875 0.27777777777777796 0.7 0.27777777777777796
15 0.80625 0.22222222222222238 0.7734375 0.22222222222222238 0.7734375 0.27777777777777796 0.80625 0.27777777777777796
1 0.84375 0.6305555555555558 0.7734375 0.6305555555555558 0.7734375 0.7694444444444447 0.84375 0.7694444444444447
12 0.6578125 0.1444444444444446 0.6421875 0.1444444444444446 0.6421875 0.1722222222222224 0.6578125 0.1722222222222224
12 0.65625 0.18611111111111128 0.64375 0.18611111111111128 0.64375 0.21111111111111128 0.65625 0.21111111111111128
12 0.7640625 0.1444444444444446 0.7484375 0.1444444444444446 0.7484375 0.1722222222222224 0.7640625 0.1722222222222224
12 0.7625 0.1833333333333335 0.7484375 0.1833333333333335 0.7484375 0.20833333333333348 0.7625 0.20833333333333348
13 0.6765625 0.1444444444444446 0.6609375 0.1444444444444446 0.6609375 0.1722222222222224 0.6765625 0.1722222222222224
13 0.675 0.1833333333333335 0.6625 0.1833333333333335 0.6625 0.20833333333333348 0.675 0.20833333333333348
13 0.6953125 0.1444444444444446 0.68125 0.1444444444444446 0.68125 0.1722222222222224 0.6953125 0.1722222222222224
13 0.69375 0.18055555555555572 0.6796875 0.18055555555555572 0.6796875 0.20833333333333348 0.69375 0.20833333333333348
13 0.7125 0.18611111111111128 0.6984375 0.18611111111111128 0.6984375 0.20833333333333348 0.7125 0.20833333333333348
13 0.7125 0.14166666666666683 0.696875 0.14166666666666683 0.696875 0.1722222222222224 0.7125 0.1722222222222224
13 0.73125 0.1444444444444446 0.715625 0.1444444444444446 0.715625 0.1722222222222224 0.73125 0.1722222222222224
13 0.7296875 0.1833333333333335 0.7140625 0.1833333333333335 0.7140625 0.2055555555555557 0.7296875 0.2055555555555557
13 0.7828125 0.1444444444444446 0.7671875 0.1444444444444446 0.7671875 0.1722222222222224 0.7828125 0.1722222222222224
13 0.8 0.1444444444444446 0.784375 0.1444444444444446 0.784375 0.1694444444444446 0.8 0.1694444444444446
13 0.81875 0.14444444444444463 0.803125 0.1444444444444446 0.803125 0.16944444444444462 0.81875 0.16944444444444465
13 0.8375 0.14166666666666686 0.8203125 0.14166666666666686 0.8203125 0.17222222222222242 0.8375 0.17222222222222242
13 0.834375 0.1833333333333335 0.81875 0.1833333333333335 0.81875 0.2055555555555557 0.834375 0.2055555555555557
13 0.8171875 0.1833333333333335 0.803125 0.1833333333333335 0.803125 0.20833333333333348 0.8171875 0.20833333333333348
13 0.7984375 0.1833333333333335 0.784375 0.1833333333333335 0.784375 0.20833333333333348 0.7984375 0.20833333333333348
13 0.7796875 0.1833333333333335 0.765625 0.1833333333333335 0.765625 0.20833333333333348 0.7796875 0.20833333333333348
2 0.6578125 0.29166666666666685 0.65 0.29166666666666685 0.65 0.3083333333333335 0.6578125 0.3083333333333335
2 0.66875 0.2944444444444446 0.6609375 0.2944444444444446 0.6609375 0.3083333333333335 0.66875 0.3083333333333335
2 0.6625 0.3250000000000002 0.6546875 0.3250000000000002 0.6546875 0.3388888888888891 0.6625 0.3388888888888891
2 0.659375 0.4361111111111113 0.6515625 0.4361111111111113 0.6515625 0.4500000000000002 0.659375 0.4500000000000002
2 0.659375 0.4638888888888891 0.6515625 0.4638888888888891 0.6515625 0.48055555555555574 0.659375 0.48055555555555574
2 0.6734375 0.46666666666666684 0.665625 0.46666666666666684 0.665625 0.48055555555555574 0.6734375 0.48055555555555574
2 0.6875 0.4694444444444446 0.6796875 0.4694444444444446 0.6796875 0.4833333333333335 0.6875 0.4833333333333335
2 0.703125 0.46666666666666684 0.6953125 0.46666666666666684 0.6953125 0.48055555555555574 0.703125 0.48055555555555574
2 0.7171875 0.46666666666666684 0.709375 0.46666666666666684 0.709375 0.48055555555555574 0.7171875 0.48055555555555574
2 0.759375 0.2944444444444446 0.75 0.2944444444444446 0.75 0.3083333333333335 0.759375 0.3083333333333335
12 0.6015625 0.6333333333333335 0.5875 0.6333333333333335 0.5875 0.6611111111111113 0.6015625 0.6611111111111113
12 0.6 0.6722222222222224 0.5875 0.6722222222222224 0.5875 0.6972222222222224 0.6 0.6972222222222224
13 0.6171875 0.6388888888888891 0.6046875 0.6388888888888891 0.6046875 0.6638888888888891 0.6171875 0.6638888888888891
13 0.6171875 0.6722222222222224 0.6046875 0.6722222222222224 0.6046875 0.6972222222222224 0.6171875 0.6972222222222224
13 0.6359375 0.6333333333333335 0.621875 0.6333333333333335 0.621875 0.6611111111111113 0.6359375 0.6611111111111113
13 0.6359375 0.6722222222222224 0.621875 0.6722222222222224 0.621875 0.6972222222222224 0.6359375 0.6972222222222224
13 0.6515625 0.6722222222222224 0.6375 0.6722222222222224 0.6375 0.6972222222222224 0.6515625 0.6972222222222224
13 0.653125 0.6333333333333335 0.6390625 0.6333333333333335 0.6390625 0.6611111111111113 0.653125 0.6611111111111113
13 0.6703125 0.6361111111111113 0.6546875 0.6361111111111113 0.6546875 0.6638888888888891 0.6703125 0.6638888888888891
13 0.6671875 0.6722222222222224 0.6546875 0.6722222222222224 0.6546875 0.6972222222222224 0.6671875 0.6972222222222224
16 0.6734375 0.7138888888888889 0.65 0.7138888888888889 0.65 0.7555555555555555 0.6734375 0.7555555555555555
16 0.6078125 0.7138888888888889 0.584375 0.7138888888888889 0.584375 0.7555555555555555 0.6078125 0.7555555555555555
15 0.6421875 0.7083333333333335 0.6140625 0.7083333333333335 0.6140625 0.7611111111111111 0.6421875 0.7611111111111111