11 0.6953125 0.01671309192200571 0.5609375 0.016713091922005693 0.5609375 0.10027855153203356 0.6953125 0.10027855153203359
22 0.7 0.1559888579387188 0.60625 0.15598885793871878 0.60625 0.23119777158774388 0.7 0.23119777158774388
24 0.715625 0.2228412256267411 0.5796875 0.2228412256267411 0.5796875 0.34540389972144864 0.715625 0.34540389972144864
8 0.7125 0.3398328690807801 0.5765625 0.3398328690807801 0.5765625 0.40111420612813387 0.7125 0.40111420612813387
8 0.7109375 0.40111420612813387 0.5765625 0.40111420612813387 0.5765625 0.4568245125348191 0.7109375 0.4568245125348191
8 0.7125 0.4540389972144848 0.5765625 0.4540389972144848 0.5765625 0.5153203342618387 0.7125 0.5153203342618387
8 0.709375 0.5097493036211701 0.578125 0.5097493036211701 0.578125 0.5710306406685238 0.709375 0.5710306406685238
10 0.3453125 0.005571030640668584 0.2171875 0.0055710306406685705 0.2171875 0.13649025069637888 0.3453125 0.1364902506963789
9 0.3265625 0.13370473537604463 0.2484375 0.1337047353760446 0.2484375 0.19220055710306413 0.3265625 0.19220055710306413
29 0.390625 0.30083565459610034 0.36875 0.30083565459610034 0.36875 0.36768802228412273 0.390625 0.36768802228412273
29 0.35 0.30083565459610034 0.328125 0.30083565459610034 0.328125 0.36768802228412256 0.35 0.36768802228412256
29 0.3140625 0.30083565459610034 0.2890625 0.30083565459610034 0.2890625 0.36768802228412256 0.3140625 0.36768802228412256
29 0.2734375 0.30083565459610034 0.2484375 0.30083565459610034 0.2484375 0.3649025069637883 0.2734375 0.3649025069637883
7 0.378125 0.4484679665738162 0.3015625 0.44846796657381616 0.3015625 0.5125348189415042 0.378125 0.5125348189415043
27 0.403125 0.5459610027855154 0.2765625 0.5459610027855153 0.27656250000000004 0.6601671309192201 0.403125 0.6601671309192202
16 0.634375 0.7994428969359332 0.609375 0.7994428969359332 0.609375 0.841225626740947 0.634375 0.841225626740947
16 0.63125 0.9331476323119777 0.6078125 0.9331476323119777 0.6078125 0.9805013927576601 0.63125 0.9805013927576601
16 0.63125 0.9944289693593314 0.60625 0.9944289693593314 0.60625 1 0.63125 1
15 0.6359375 0.8579387186629527 0.6046875 0.8579387186629527 0.6046875 0.9164345403899722 0.6359375 0.9164345403899722
12 0.6859375 0.807799442896936 0.66875 0.807799442896936 0.66875 0.8384401114206128 0.6859375 0.8384401114206128
12 0.6625 0.807799442896936 0.646875 0.807799442896936 0.646875 0.8356545961002786 0.6625 0.8356545961002786
13 0.6859375 0.8440111420612814 0.66875 0.8440111420612814 0.66875 0.8746518105849582 0.6859375 0.8746518105849582
13 0.6625 0.841225626740947 0.6453125 0.841225626740947 0.6453125 0.8690807799442897 0.6625 0.8690807799442897
13 0.6859375 0.8774373259052924 0.66875 0.8774373259052924 0.66875 0.9052924791086351 0.6859375 0.9052924791086351
13 0.6609375 0.8746518105849582 0.6453125 0.8746518105849582 0.6453125 0.9025069637883009 0.6609375 0.9025069637883009
13 0.6609375 0.9108635097493036 0.6453125 0.9108635097493036 0.6453125 0.9387186629526463 0.6609375 0.9387186629526463
13 0.6875 0.9136490250696379 0.66875 0.9136490250696379 0.66875 0.9442896935933147 0.6875 0.9442896935933147
13 0.684375 0.947075208913649 0.6671875 0.947075208913649 0.6671875 0.9777158774373259 0.684375 0.9777158774373259
13 0.6609375 0.9442896935933147 0.646875 0.9442896935933147 0.646875 0.9721448467966574 0.6609375 0.9721448467966574
2 0.596875 0.8189415041782729 0.5875 0.8189415041782729 0.5875 0.8328690807799443 0.596875 0.8328690807799443
2 0.5953125 0.8384401114206128 0.5875 0.8384401114206128 0.5875 0.8523676880222841 0.5953125 0.8523676880222841
2 0.578125 0.8245125348189415 0.56875 0.8245125348189415 0.56875 0.841225626740947 0.578125 0.841225626740947
2 0.5109375 0.8189415041782729 0.503125 0.8189415041782729 0.503125 0.8328690807799443 0.5109375 0.8328690807799443
2 0.4921875 0.8161559888579387 0.4828125 0.8161559888579387 0.4828125 0.8328690807799443 0.4921875 0.8328690807799443
2 0.4921875 0.8440111420612814 0.48125 0.8440111420612814 0.48125 0.8607242339832869 0.4921875 0.8607242339832869
2 0.490625 0.871866295264624 0.4828125 0.871866295264624 0.4828125 0.8885793871866295 0.490625 0.8885793871866295
2 0.490625 0.8997214484679665 0.48125 0.8997214484679665 0.48125 0.9164345403899722 0.490625 0.9164345403899722
2 0.4890625 0.9275766016713092 0.48125 0.9275766016713092 0.48125 0.9442896935933147 0.4890625 0.9442896935933147
12 0.3921875000000001 0.690807799442897 0.3765625000000001 0.690807799442897 0.3765625000000001 0.7186629526462396 0.3921875000000001 0.7186629526462396
12 0.3703125000000001 0.6935933147632313 0.3546875000000001 0.6935933147632312 0.3546875000000001 0.7158774373259053 0.3703125000000001 0.7158774373259053
13 0.3890625000000001 0.724233983286908 0.3750000000000001 0.724233983286908 0.3750000000000001 0.7493036211699164 0.3890625000000001 0.7493036211699164
13 0.3703125000000001 0.724233983286908 0.3531250000000001 0.724233983286908 0.3531250000000001 0.7493036211699164 0.3703125000000001 0.7493036211699164
13 0.3921875000000001 0.7576601671309192 0.3750000000000001 0.7576601671309192 0.3750000000000001 0.7855153203342619 0.3921875000000001 0.7855153203342619
13 0.3703125000000001 0.7576601671309192 0.3546875000000001 0.7576601671309192 0.3546875000000001 0.7827298050139275 0.3703125000000001 0.7827298050139275
13 0.3687500000000001 0.7883008356545961 0.3531250000000001 0.7883008356545961 0.3531250000000001 0.8161559888579387 0.3687500000000001 0.8161559888579387
13 0.3921875000000001 0.7883008356545961 0.3734375000000001 0.7883008356545961 0.3734375000000001 0.8161559888579387 0.3921875000000001 0.8161559888579387
13 0.3890625000000001 0.8217270194986073 0.37187500000000007 0.8217270194986073 0.37187500000000007 0.8495821727019499 0.3890625000000001 0.8495821727019499
13 0.3687500000000001 0.8217270194986073 0.3531250000000001 0.8217270194986073 0.3531250000000001 0.8467966573816156 0.3687500000000001 0.8467966573816156
16 0.3437500000000001 0.8105849582172702 0.31718750000000007 0.8105849582172702 0.31718750000000007 0.8551532033426184 0.3437500000000001 0.8551532033426184
16 0.3453125000000001 0.6824512534818942 0.3203125000000001 0.6824512534818942 0.3203125000000001 0.7270194986072424 0.3453125000000001 0.7270194986072424
15 0.3468750000000001 0.7381615598885793 0.3156250000000001 0.7381615598885793 0.3156250000000001 0.7938718662952646 0.3468750000000001 0.7938718662952646