11 0.903125 0.06963788300835673 0.7015625 0.0696378830083567 0.7015625 0.3398328690807801 0.903125 0.3398328690807801
22 0.675 0.06963788300835669 0.6296875 0.06963788300835669 0.6296875 0.24791086350974947 0.675 0.24791086350974947
24 0.6375 0.06128133704735389 0.5640625 0.061281337047353876 0.5640625 0.3119777158774375 0.6375 0.3119777158774375
8 0.5703125 0.061281337047353876 0.528125 0.061281337047353876 0.528125 0.317548746518106 0.5703125 0.317548746518106
8 0.5328125 0.06963788300835666 0.49375 0.06963788300835665 0.49375 0.3203342618384402 0.5328125 0.3203342618384402
8 0.4953125 0.06963788300835665 0.4625 0.06963788300835665 0.4625 0.32311977715877443 0.4953125 0.32311977715877443
8 0.4671875 0.07520891364902517 0.425 0.07520891364902517 0.425 0.32311977715877443 0.4671875 0.32311977715877443
7 0.8921875 0.7715877437325909 0.8328125 0.7715877437325909 0.8328125 0.910863509749304 0.8921875 0.910863509749304
13 0.81875 0.8077994428969363 0.7984375 0.8077994428969363 0.7984375 0.8412256267409474 0.81875 0.8412256267409474
10 0.7578125 0.7409470752089138 0.6625 0.7409470752089137 0.6625 0.9526462395543177 0.7578125 0.9526462395543178
9 0.66875 0.7966573816155988 0.63125 0.7966573816155988 0.63125 0.947075208913649 0.66875 0.947075208913649
2 0.6265625 0.7632311977715878 0.596875 0.7632311977715878 0.596875 0.958217270194986 0.6265625 0.958217270194986
29 0.56875 0.6740947075208915 0.5265625 0.6740947075208915 0.5265625 0.7186629526462396 0.56875 0.7186629526462396
29 0.56875 0.7520891364902507 0.528125 0.7520891364902507 0.528125 0.7966573816155988 0.56875 0.7966573816155988
29 0.5703125 0.8272980501392758 0.528125 0.8272980501392758 0.528125 0.871866295264624 0.5703125 0.871866295264624
29 0.5703125 0.9025069637883009 0.5296875 0.9025069637883009 0.5296875 0.947075208913649 0.5703125 0.947075208913649
7 0.4578125 0.7047353760445684 0.4234375 0.7047353760445684 0.4234375 0.8467966573816156 0.4578125 0.8467966573816156
27 0.4 0.6601671309192201 0.3281250000000001 0.6601671309192201 0.3281250000000001 0.8969359331476323 0.4 0.8969359331476323
12 0.27812500000000007 0.6824512534818942 0.2609375000000001 0.6824512534818942 0.2609375000000001 0.7158774373259053 0.27812500000000007 0.7158774373259053
12 0.27812500000000007 0.7186629526462396 0.26250000000000007 0.7186629526462396 0.26250000000000007 0.7520891364902507 0.27812500000000007 0.7520891364902507
12 0.2765625 0.11699164345403906 0.2578125 0.11699164345403903 0.2578125 0.15598885793871872 0.2765625 0.15598885793871875
12 0.278125 0.16155988857938725 0.2609375 0.16155988857938722 0.2609375 0.1949860724233984 0.278125 0.1949860724233984
12 0.1625 0.12534818941504183 0.14375 0.12534818941504183 0.14375 0.15877437325905297 0.1625 0.15877437325905297
12 0.1640625 0.17270194986072426 0.1453125 0.17270194986072426 0.1453125 0.20055710306406685 0.1640625 0.20055710306406685
13 0.25625 0.1197771587743733 0.2375 0.1197771587743733 0.2375 0.1559888579387187 0.25625 0.1559888579387187
13 0.2359375 0.12256267409470756 0.2171875 0.12256267409470756 0.2171875 0.1559888579387187 0.2359375 0.1559888579387187
13 0.215625 0.12534818941504183 0.196875 0.12534818941504183 0.196875 0.1559888579387187 0.215625 0.1559888579387187
13 0.1953125 0.12534818941504183 0.1765625 0.12534818941504183 0.1765625 0.15877437325905297 0.1953125 0.15877437325905297
13 0.25625 0.16713091922005574 0.240625 0.16713091922005574 0.240625 0.19777158774373266 0.25625 0.19777158774373266
13 0.2359375 0.16991643454039002 0.2203125 0.16991643454039002 0.2203125 0.19777158774373266 0.2359375 0.19777158774373266
13 0.2171875 0.16991643454039002 0.2 0.16991643454039002 0.2 0.20055710306406693 0.2171875 0.20055710306406693
13 0.196875 0.17270194986072426 0.1796875 0.17270194986072426 0.1796875 0.2005571030640669 0.196875 0.20055710306406693
13 0.1421875 0.13091922005571036 0.1234375 0.13091922005571036 0.1234375 0.16155988857938722 0.1421875 0.16155988857938722
13 0.121875 0.12813370473537608 0.103125 0.12813370473537608 0.103125 0.16155988857938722 0.121875 0.16155988857938722
13 0.103125 0.13370473537604458 0.08125 0.13370473537604458 0.08125000000000002 0.16434540389972147 0.103125 0.1643454038997215
13 0.08125000000000002 0.1309192200557103 0.0625 0.1309192200557103 0.06250000000000001 0.16434540389972144 0.08125000000000002 0.16434540389972144
13 0.14375 0.17548746518105854 0.125 0.17548746518105854 0.125 0.20612813370473537 0.14375 0.20612813370473537
13 0.1234375 0.17548746518105854 0.1046875 0.17548746518105854 0.1046875 0.20334261838440112 0.1234375 0.20334261838440112
13 0.103125 0.1754874651810585 0.08593750000000003 0.17548746518105848 0.08593750000000003 0.20612813370473537 0.103125 0.20612813370473537
13 0.08437500000000002 0.181058495821727 0.06718750000000002 0.181058495821727 0.06718750000000002 0.20891364902506965 0.08437500000000002 0.20891364902506965
13 0.2578125000000001 0.6880222841225627 0.2406250000000001 0.6880222841225627 0.2406250000000001 0.713091922005571 0.2578125000000001 0.713091922005571
13 0.2406250000000001 0.6880222841225627 0.22031250000000008 0.6880222841225627 0.22031250000000008 0.7158774373259053 0.2406250000000001 0.7158774373259053
13 0.21875000000000008 0.6908077994428969 0.2015625000000001 0.6908077994428969 0.2015625000000001 0.7214484679665738 0.21875000000000008 0.7214484679665738
13 0.19843750000000004 0.6935933147632312 0.18125000000000005 0.6935933147632312 0.18125000000000005 0.7214484679665738 0.19843750000000004 0.7214484679665738
13 0.2593750000000001 0.7270194986072424 0.24218750000000008 0.7270194986072424 0.24218750000000008 0.7520891364902507 0.2593750000000001 0.7520891364902507
13 0.2390625000000001 0.7270194986072424 0.2218750000000001 0.7270194986072424 0.2218750000000001 0.754874651810585 0.2390625000000001 0.754874651810585
13 0.22031250000000008 0.7270194986072424 0.20468750000000008 0.7270194986072424 0.20468750000000008 0.7576601671309192 0.22031250000000008 0.7576601671309192
13 0.2000000000000001 0.7270194986072424 0.18593750000000003 0.7270194986072424 0.18593750000000003 0.7604456824512534 0.2000000000000001 0.7604456824512534
16 0.2875000000000001 0.7715877437325905 0.2562500000000001 0.7715877437325905 0.2562500000000001 0.8217270194986073 0.2875000000000001 0.8217270194986073
16 0.2093750000000001 0.7771587743732591 0.18125000000000005 0.7771587743732591 0.18125000000000005 0.8272980501392758 0.2093750000000001 0.8272980501392758
16 0.284375 0.22005571030640678 0.25625 0.22005571030640678 0.25625 0.26462395543175493 0.284375 0.26462395543175493
16 0.20625 0.22562674094707524 0.1765625 0.22562674094707522 0.1765625 0.2701949860724234 0.20625 0.2701949860724235
16 0.1703125 0.22562674094707522 0.140625 0.22562674094707522 0.140625 0.2757660167130919 0.1703125 0.2757660167130919
16 0.09218750000000002 0.23119777158774374 0.059375000000000025 0.23119777158774374 0.059375000000000025 0.28133704735376047 0.09218750000000002 0.28133704735376047
15 0.2484375 0.2172701949860725 0.209375 0.2172701949860725 0.209375 0.275766016713092 0.2484375 0.275766016713092
15 0.1359375 0.2200557103064067 0.09687500000000002 0.2200557103064067 0.09687500000000002 0.28690807799442897 0.1359375 0.28690807799442897
15 0.2500000000000001 0.7688022284122563 0.2156250000000001 0.7688022284122563 0.2156250000000001 0.83008356545961 0.2500000000000001 0.83008356545961
1 0.15156250000000004 0.6880222841225627 0.06875000000000005 0.6880222841225627 0.06875000000000006 0.8523676880222841 0.15156250000000004 0.8523676880222841
2 0.16093750000000007 0.841225626740947 0.09218750000000006 0.841225626740947 0.09218750000000006 0.9944289693593314 0.1609375000000001 0.9944289693593314
2 0.4234375 0.286908077994429 0.3171875 0.286908077994429 0.3171875 0.39554317548746526 0.4234375 0.3955431754874653
2 0.4203125 0.14206128133704743 0.315625 0.14206128133704743 0.315625 0.25069637883008367 0.4203125 0.25069637883008367