11 0.7703125 0.9275766016713094 0.628125 0.9275766016713092 0.628125 1.0000000000000002 0.7703125 1.0000000000000002
22 0.7765625 0.8022284122562676 0.678125 0.8022284122562674 0.678125 0.8802228412256269 0.7765625 0.8802228412256271
24 0.7828125 0.6824512534818943 0.6453125 0.6824512534818943 0.6453125 0.8161559888579388 0.7828125 0.816155988857939
8 0.7859375 0.6239554317548748 0.64375 0.6239554317548748 0.64375 0.6963788300835656 0.7859375 0.6963788300835656
8 0.78125 0.562674094707521 0.64375 0.562674094707521 0.64375 0.6323119777158775 0.78125 0.6323119777158775
8 0.78125 0.5041782729805016 0.6421875 0.5041782729805016 0.6421875 0.5654596100278553 0.78125 0.5654596100278553
8 0.7796875 0.4428969359331478 0.64375 0.4428969359331478 0.64375 0.5181058495821729 0.7796875 0.5181058495821729
10 0.403125 0.83008356545961 0.24218750000000008 0.83008356545961 0.24218750000000008 1 0.403125 1
9 0.3734375000000001 0.7771587743732591 0.2906250000000001 0.7771587743732591 0.2906250000000001 0.841225626740947 0.3734375000000001 0.841225626740947
2 0.3921875000000001 0.713091922005571 0.2640625000000001 0.713091922005571 0.2640625000000001 0.7688022284122563 0.3921875000000001 0.7688022284122563
29 0.44375 0.604456824512535 0.4203125 0.604456824512535 0.4203125 0.6768802228412257 0.44375 0.6768802228412257
29 0.4 0.5988857938718665 0.3765625 0.5988857938718665 0.3765625 0.6713091922005573 0.4 0.6713091922005573
29 0.35781250000000003 0.5988857938718662 0.334375 0.5988857938718662 0.33437500000000003 0.6685236768802229 0.3578125000000001 0.6685236768802229
29 0.31718750000000007 0.596100278551532 0.29375 0.596100278551532 0.29375000000000007 0.6685236768802229 0.31718750000000007 0.6685236768802229
7 0.428125 0.4150417827298051 0.3515625 0.415041782729805 0.3515625 0.47632311977715885 0.428125 0.4763231197771589
27 0.4546875 0.24512534818941512 0.325 0.24512534818941512 0.325 0.37325905292479117 0.4546875 0.3732590529247912
12 0.4453125 0.13091922005571038 0.428125 0.13091922005571038 0.428125 0.16434540389972152 0.4453125 0.16434540389972152
12 0.425 0.13370473537604466 0.4078125 0.13370473537604466 0.4078125 0.16155988857938727 0.425 0.16155988857938727
12 0.7609375 0.1504178272980503 0.740625 0.1504178272980503 0.740625 0.18384401114206145 0.7609375 0.18384401114206145
12 0.734375 0.1504178272980503 0.7171875 0.1504178272980503 0.7171875 0.18105849582172717 0.734375 0.18105849582172717
13 0.759375 0.11142061281337064 0.740625 0.11142061281337064 0.740625 0.1420612813370475 0.759375 0.1420612813370475
13 0.7578125 0.07799442896935949 0.740625 0.07799442896935949 0.740625 0.10863509749303638 0.7578125 0.10863509749303638
13 0.7578125 0.04178272980501409 0.7421875 0.04178272980501409 0.7421875 0.07242339832869096 0.7578125 0.07242339832869096
13 0.7328125 0.1142061281337049 0.715625 0.1142061281337049 0.715625 0.1420612813370475 0.7328125 0.1420612813370475
13 0.7328125 0.07799442896935949 0.7171875 0.07799442896935949 0.7171875 0.10584958217270211 0.7328125 0.10584958217270211
13 0.7328125 0.04456824512534835 0.7171875 0.04456824512534835 0.7171875 0.07520891364902522 0.7328125 0.07520891364902522
13 0.73125 0.03064066852367704 0.715625 0.03064066852367704 0.715625 0.036211699164345565 0.73125 0.036211699164345565
13 0.44375 0.09470752089136499 0.428125 0.09470752089136499 0.428125 0.12813370473537614 0.44375 0.12813370473537614
13 0.44375 0.0584958217270196 0.428125 0.0584958217270196 0.428125 0.09192200557103072 0.44375 0.09192200557103072
13 0.4421875 0.02506963788300845 0.4265625 0.025069637883008446 0.4265625 0.0584958217270196 0.4421875 0.0584958217270196
13 0.421875 0.09470752089136499 0.40625 0.09470752089136499 0.40625 0.12534818941504186 0.421875 0.12534818941504186
13 0.4203125 0.06128133704735385 0.40625 0.06128133704735384 0.40625 0.09192200557103072 0.4203125 0.09192200557103072
13 0.421875 0.03064066852367697 0.40625 0.03064066852367697 0.40625 0.05849582172701959 0.421875 0.0584958217270196
13 0.421875 0.016713091922005662 0.4046875 0.01671309192200566 0.4046875 0.022284122562674185 0.421875 0.022284122562674185
16 0.3953125 0.11699164345403908 0.36875 0.11699164345403908 0.36875 0.17270194986072432 0.3953125 0.17270194986072432
16 0.3921875 0.01392757660167139 0.3671875 0.013927576601671389 0.3671875 0.03342618384401123 0.3921875 0.033426183844011234
16 0.703125 0.13927576601671324 0.6796875 0.13927576601671324 0.6796875 0.18941504178272997 0.703125 0.18941504178272997
16 0.7 0.027855153203342767 0.6765625 0.027855153203342767 0.6765625 0.05013927576601686 0.7 0.05013927576601687
15 0.70625 0.06128133704735391 0.675 0.0612813370473539 0.675 0.1281337047353762 0.70625 0.1281337047353762
15 0.3984375 0.04735376044568253 0.3640625 0.04735376044568253 0.3640625 0.10863509749303629 0.3984375 0.10863509749303629
2 0.6640625 0.24233983286908095 0.603125 0.24233983286908095 0.603125 0.4317548746518107 0.6640625 0.4317548746518107
2 0.74375 0.24791086350974947 0.6859375 0.24791086350974947 0.6859375 0.434540389972145 0.74375 0.434540389972145