11 0.2953125 0.14722222222222228 0.1265625 0.14722222222222225 0.12656250000000002 0.3638888888888889 0.2953125 0.3638888888888889
22 0.35625 0.13611111111111118 0.3203125 0.13611111111111118 0.3203125 0.28333333333333344 0.35625 0.28333333333333344
24 0.4140625 0.12500000000000008 0.353125 0.12500000000000008 0.353125 0.3333333333333334 0.4140625 0.3333333333333334
8 0.4421875 0.11944444444444452 0.409375 0.11944444444444452 0.409375 0.3333333333333334 0.4421875 0.3333333333333334
8 0.471875 0.1250000000000001 0.440625 0.12500000000000008 0.440625 0.3333333333333334 0.471875 0.3333333333333334
8 0.4984375 0.12222222222222234 0.471875 0.12222222222222234 0.471875 0.3333333333333334 0.4984375 0.3333333333333334
8 0.5296875 0.1250000000000001 0.496875 0.1250000000000001 0.496875 0.3333333333333334 0.5296875 0.3333333333333334
7 0.19062500000000004 0.7416666666666667 0.14062500000000006 0.7416666666666667 0.14062500000000006 0.8555555555555555 0.19062500000000004 0.8555555555555555
13 0.22031250000000008 0.7666666666666667 0.20312500000000008 0.7666666666666667 0.20312500000000008 0.7916666666666666 0.22031250000000008 0.7916666666666666
10 0.3343750000000001 0.7083333333333334 0.25468750000000007 0.7083333333333334 0.25468750000000007 0.95 0.3343750000000001 0.95
9 0.3625000000000001 0.75 0.33281250000000007 0.75 0.33281250000000007 0.875 0.3625000000000001 0.875
2 0.3906250000000001 0.7166666666666667 0.3671875000000001 0.7166666666666667 0.3671875000000001 0.9111111111111111 0.3906250000000001 0.9111111111111111
29 0.446875 0.6388888888888891 0.4125 0.6388888888888891 0.4125 0.6750000000000002 0.446875 0.6750000000000002
29 0.4484375 0.7055555555555557 0.4140625 0.7055555555555557 0.4140625 0.7416666666666667 0.4484375 0.7416666666666667
29 0.4484375 0.7694444444444445 0.4140625 0.7694444444444445 0.4140625 0.8055555555555556 0.4484375 0.8055555555555556
29 0.4484375 0.8305555555555556 0.415625 0.8305555555555556 0.415625 0.8638888888888889 0.4484375 0.8638888888888889
7 0.5359375 0.6583333333333334 0.5078125 0.6583333333333334 0.5078125 0.775 0.5359375 0.775
27 0.6171875 0.6166666666666668 0.559375 0.6166666666666668 0.559375 0.8111111111111111 0.6171875 0.8111111111111111
12 0.6734375 0.6305555555555558 0.659375 0.6305555555555558 0.659375 0.6555555555555557 0.6734375 0.6555555555555557
12 0.671875 0.6583333333333334 0.659375 0.6583333333333334 0.659375 0.6861111111111112 0.671875 0.6861111111111112
12 0.671875 0.15000000000000016 0.65625 0.15000000000000016 0.65625 0.18055555555555572 0.671875 0.18055555555555572
12 0.6703125 0.19166666666666682 0.65625 0.19166666666666682 0.65625 0.2166666666666668 0.6703125 0.2166666666666668
12 0.76875 0.15000000000000016 0.753125 0.15000000000000016 0.753125 0.17777777777777792 0.76875 0.17777777777777792
12 0.7671875 0.18888888888888905 0.7515625 0.18888888888888905 0.7515625 0.21111111111111128 0.7671875 0.21111111111111128
13 0.6890625 0.15000000000000016 0.675 0.15000000000000016 0.675 0.17777777777777792 0.6890625 0.17777777777777792
13 0.70625 0.15277777777777793 0.6921875 0.15277777777777793 0.6921875 0.17777777777777792 0.70625 0.17777777777777792
13 0.7234375 0.15277777777777793 0.7078125 0.15277777777777793 0.7078125 0.17777777777777792 0.7234375 0.17777777777777792
13 0.740625 0.15277777777777793 0.725 0.15277777777777793 0.725 0.18055555555555572 0.740625 0.18055555555555572
13 0.6875 0.19166666666666682 0.6734375 0.19166666666666682 0.6734375 0.2166666666666668 0.6875 0.2166666666666668
13 0.703125 0.19166666666666682 0.690625 0.19166666666666682 0.690625 0.2166666666666668 0.703125 0.2166666666666668
13 0.721875 0.19166666666666682 0.7078125 0.19166666666666682 0.7078125 0.21388888888888904 0.721875 0.21388888888888904
13 0.7390625 0.19166666666666682 0.725 0.19166666666666682 0.725 0.2166666666666668 0.7390625 0.2166666666666668
13 0.7859375 0.15277777777777793 0.7703125 0.15277777777777793 0.7703125 0.17777777777777792 0.7859375 0.17777777777777792
13 0.803125 0.15277777777777793 0.7890625 0.15277777777777793 0.7890625 0.17777777777777792 0.803125 0.17777777777777792
13 0.821875 0.15277777777777796 0.8046875 0.15277777777777793 0.8046875 0.17777777777777792 0.821875 0.17777777777777792
13 0.8390625 0.15277777777777798 0.821875 0.15277777777777798 0.821875 0.17777777777777792 0.8390625 0.17777777777777792
13 0.784375 0.19166666666666682 0.76875 0.19166666666666682 0.76875 0.2166666666666668 0.784375 0.2166666666666668
13 0.8015625 0.19166666666666682 0.7859375 0.19166666666666682 0.7859375 0.2166666666666668 0.8015625 0.2166666666666668
13 0.81875 0.18888888888888905 0.803125 0.18888888888888905 0.803125 0.21111111111111128 0.81875 0.21111111111111128
13 0.834375 0.19166666666666682 0.81875 0.19166666666666682 0.81875 0.21388888888888904 0.834375 0.21388888888888904
13 0.6921875 0.6305555555555558 0.678125 0.6305555555555558 0.678125 0.6527777777777779 0.6921875 0.6527777777777779
13 0.7078125 0.6305555555555558 0.6921875 0.6305555555555558 0.6921875 0.6555555555555557 0.7078125 0.6555555555555557
13 0.7234375 0.6305555555555558 0.7078125 0.6305555555555558 0.7078125 0.6555555555555557 0.7234375 0.6555555555555557
13 0.7421875 0.6333333333333335 0.728125 0.6333333333333335 0.728125 0.6555555555555557 0.7421875 0.6555555555555557
13 0.690625 0.6638888888888891 0.6765625 0.6638888888888891 0.6765625 0.6861111111111112 0.690625 0.6861111111111112
13 0.70625 0.6666666666666669 0.6921875 0.6666666666666669 0.6921875 0.6861111111111112 0.70625 0.6861111111111112
13 0.7234375 0.6638888888888891 0.709375 0.6638888888888891 0.709375 0.6861111111111112 0.7234375 0.6861111111111112
13 0.7375 0.6638888888888891 0.725 0.6638888888888891 0.725 0.688888888888889 0.7375 0.688888888888889
16 0.678125 0.7055555555555557 0.653125 0.7055555555555557 0.653125 0.7444444444444445 0.678125 0.7444444444444445
16 0.74375 0.7055555555555557 0.7203125 0.7055555555555557 0.7203125 0.7444444444444446 0.74375 0.7444444444444448
16 0.675 0.23888888888888904 0.6515625 0.23888888888888904 0.6515625 0.27500000000000013 0.675 0.27500000000000013
16 0.7421875 0.23888888888888904 0.7171875 0.23888888888888904 0.7171875 0.27500000000000013 0.7421875 0.27500000000000013
16 0.771875 0.23611111111111127 0.746875 0.23611111111111127 0.746875 0.27500000000000013 0.771875 0.27500000000000013
16 0.840625 0.23611111111111127 0.8140625 0.23611111111111127 0.8140625 0.27777777777777796 0.840625 0.27777777777777796
15 0.7125 0.2333333333333335 0.68125 0.2333333333333335 0.68125 0.2805555555555557 0.7125 0.2805555555555557
15 0.809375 0.2305555555555557 0.7765625 0.2305555555555557 0.7765625 0.2833333333333335 0.809375 0.2833333333333335
15 0.7125 0.6972222222222224 0.684375 0.6972222222222224 0.684375 0.7472222222222222 0.7125 0.7472222222222222
1 0.8359375 0.6250000000000001 0.7671875 0.6250000000000001 0.7671875 0.7611111111111114 0.8359375 0.7611111111111114
2 0.81875 0.7527777777777781 0.7609375 0.7527777777777781 0.7609375 0.9305555555555559 0.81875 0.9305555555555559
2 0.6234375 0.3027777777777779 0.534375 0.30277777777777787 0.534375 0.38888888888888906 0.6234375 0.38888888888888906
2 0.6234375 0.18055555555555566 0.5359375 0.18055555555555564 0.5359375 0.2666666666666668 0.6234375 0.26666666666666683