11 0.14062500000000006 0.45555555555555555 3.138157422815093e-17 0.45555555555555555 4.6976685811043e-17 0.9083333333333333 0.14062500000000006 0.9083333333333333
22 0.26406250000000003 0.41388888888888886 0.16718750000000004 0.41388888888888886 0.16718750000000004 0.7666666666666667 0.2640625000000001 0.7666666666666667
24 0.4046875 0.3916666666666667 0.253125 0.39166666666666666 0.25312500000000004 0.9222222222222223 0.4046875 0.9222222222222223
8 0.471875 0.38888888888888906 0.396875 0.38888888888888906 0.39687500000000003 0.9138888888888889 0.471875 0.9138888888888889
8 0.5390625 0.3944444444444446 0.46875 0.3944444444444446 0.46875 0.9 0.5390625 0.9
8 0.609375 0.37777777777777793 0.534375 0.37777777777777793 0.534375 0.9083333333333333 0.609375 0.9083333333333333
8 0.675 0.37777777777777793 0.60625 0.37777777777777793 0.60625 0.8666666666666667 0.675 0.8666666666666667
16 0.878125 0.5333333333333334 0.8265625 0.5333333333333334 0.8265625 0.6166666666666668 0.878125 0.6166666666666668
16 0.990625 0.5083333333333335 0.9484375 0.5083333333333335 0.9484375 0.6055555555555557 0.990625 0.6055555555555557
15 0.9484375 0.5055555555555558 0.88125 0.5055555555555558 0.88125 0.6250000000000001 0.9484375 0.6250000000000001
12 0.871875 0.37777777777777793 0.8375 0.37777777777777793 0.8375 0.4333333333333335 0.871875 0.4333333333333335
12 0.865625 0.44722222222222235 0.8390625 0.44722222222222235 0.8390625 0.5000000000000001 0.865625 0.5000000000000001
13 0.8953125 0.4444444444444446 0.8703125 0.4444444444444446 0.8703125 0.4944444444444446 0.8953125 0.4944444444444446
13 0.9046875 0.3722222222222224 0.8703125 0.3722222222222224 0.8703125 0.4305555555555557 0.9046875 0.4305555555555557
13 0.93125 0.3722222222222224 0.9 0.3722222222222224 0.9 0.4277777777777779 0.93125 0.4277777777777779
13 0.9640625 0.36388888888888904 0.9328125 0.36388888888888904 0.9328125 0.42500000000000016 0.9640625 0.42500000000000016
13 0.9578125 0.4361111111111113 0.93125 0.4361111111111113 0.93125 0.48888888888888904 0.9578125 0.48888888888888904
13 0.99375 0.3666666666666668 0.9625 0.3666666666666668 0.9625 0.4194444444444446 0.99375 0.4194444444444446
13 0.9296875 0.43888888888888905 0.9 0.43888888888888905 0.9 0.48888888888888904 0.9296875 0.48888888888888904
13 0.9890625 0.4361111111111113 0.959375 0.4361111111111113 0.959375 0.48611111111111127 0.9890625 0.48611111111111127