11 0.14687500000000003 0.46944444444444444 0.0015625000000000326 0.46944444444444444 0.0015625000000000476 0.9083333333333333 0.14687500000000003 0.9083333333333333
22 0.27031250000000007 0.44166666666666665 0.17812500000000003 0.44166666666666665 0.17812500000000003 0.7861111111111111 0.27031250000000007 0.7861111111111111
24 0.4109375 0.4333333333333334 0.265625 0.43333333333333335 0.26562500000000006 0.95 0.4109375 0.95
8 0.478125 0.43888888888888905 0.409375 0.43888888888888905 0.409375 0.9555555555555556 0.478125 0.9555555555555556
8 0.5453125 0.45277777777777795 0.48125 0.45277777777777795 0.48125 0.95 0.5453125 0.95
8 0.615625 0.4416666666666668 0.546875 0.4416666666666668 0.546875 0.9638888888888889 0.615625 0.9638888888888889
8 0.68125 0.44722222222222235 0.61875 0.44722222222222235 0.61875 0.9305555555555556 0.68125 0.9305555555555556
16 0.8875 0.6250000000000001 0.8359375 0.6250000000000001 0.8359375 0.702777777777778 0.8875 0.702777777777778
16 1 0.613888888888889 0.9578125 0.613888888888889 0.9578125 0.7055555555555557 1 0.7055555555555557
15 0.95625 0.6055555555555557 0.890625 0.6055555555555557 0.890625 0.716666666666667 0.95625 0.716666666666667
12 0.878125 0.4694444444444446 0.8453125 0.4694444444444446 0.8453125 0.5194444444444446 0.878125 0.5194444444444446
12 0.8734375 0.5388888888888891 0.846875 0.5388888888888891 0.846875 0.588888888888889 0.8734375 0.588888888888889
13 0.903125 0.5388888888888891 0.878125 0.5388888888888891 0.878125 0.5861111111111112 0.903125 0.5861111111111112
13 0.9109375 0.46666666666666684 0.878125 0.46666666666666684 0.878125 0.5222222222222224 0.9109375 0.5222222222222224
13 0.9375 0.4694444444444446 0.9078125 0.4694444444444446 0.9078125 0.5222222222222224 0.9375 0.5222222222222224
13 0.9703125 0.46666666666666684 0.940625 0.46666666666666684 0.940625 0.5250000000000001 0.9703125 0.5250000000000001
13 0.965625 0.5361111111111113 0.9390625 0.5361111111111113 0.9390625 0.5861111111111112 0.965625 0.5861111111111112
13 1 0.4694444444444446 0.9703125 0.4694444444444446 0.9703125 0.5194444444444446 1 0.5194444444444446
13 0.9359375 0.5361111111111113 0.9078125 0.5361111111111113 0.9078125 0.5833333333333335 0.9359375 0.5833333333333335
13 0.996875 0.5416666666666669 0.9671875 0.5416666666666669 0.9671875 0.588888888888889 0.996875 0.588888888888889