11 1 0.09749303621169939 0.8828125 0.09749303621169936 0.8828125 0.5598885793871868 1 0.5598885793871868
22 0.8515625 0.22005571030640683 0.75625 0.22005571030640683 0.75625 0.5821727019498609 0.8515625 0.5821727019498609
24 0.759375 0.041782729805014074 0.6078125 0.04178272980501405 0.6078125 0.5877437325905294 0.759375 0.5877437325905294
8 0.6078125 0.030640668523677004 0.5359375 0.030640668523677 0.5359375 0.573816155988858 0.6078125 0.573816155988858
8 0.534375 0.03621169916434551 0.46875 0.0362116991643455 0.46875 0.5598885793871868 0.534375 0.5598885793871868
8 0.4640625 0.019498607242339924 0.3921875 0.019498607242339917 0.3921875 0.5682451253481896 0.4640625 0.5682451253481896
8 0.390625 0.050139275766016796 0.325 0.050139275766016796 0.325 0.5571030640668524 0.390625 0.5571030640668525
16 0.16562500000000002 0.2785515320334262 0.1109375 0.2785515320334262 0.11093750000000002 0.362116991643454 0.16562500000000005 0.362116991643454
16 0.03750000000000002 0.27298050139275765 1.8752404111943846e-17 0.27298050139275765 2.2101047703362388e-17 0.37047353760445684 0.03750000000000002 0.37047353760445684
15 0.10781250000000002 0.2618384401114206 0.03906250000000002 0.2618384401114206 0.03906250000000002 0.3816155988857939 0.10781250000000005 0.3816155988857939
12 0.15468750000000003 0.47075208913649025 0.12031250000000004 0.47075208913649025 0.12031250000000004 0.5264623955431755 0.15468750000000003 0.5264623955431755
12 0.15312500000000004 0.4011142061281337 0.12500000000000006 0.4011142061281337 0.12500000000000006 0.45125348189415043 0.15312500000000004 0.45125348189415043
13 0.12031250000000004 0.4011142061281337 0.09375000000000003 0.4011142061281337 0.09375000000000003 0.45403899721448465 0.12031250000000004 0.45403899721448465
13 0.12031250000000004 0.46518105849582175 0.08593750000000003 0.46518105849582175 0.08593750000000003 0.5236768802228412 0.12031250000000004 0.5236768802228412
13 0.08906250000000003 0.467966573816156 0.057812500000000024 0.467966573816156 0.05781250000000003 0.5236768802228412 0.08906250000000004 0.5236768802228412
13 0.056250000000000036 0.4623955431754875 0.025000000000000033 0.4623955431754875 0.025000000000000033 0.5264623955431755 0.05625000000000004 0.5264623955431755
13 0.05625000000000002 0.3983286908077994 0.02812500000000002 0.3983286908077994 0.02812500000000003 0.45125348189415043 0.05625000000000002 0.45125348189415043
13 0.025000000000000033 0.467966573816156 3.214697847761802e-17 0.467966573816156 3.386913803891899e-17 0.5181058495821727 0.025000000000000033 0.5181058495821727
13 0.08906250000000002 0.4011142061281337 0.06093750000000002 0.4011142061281337 0.06093750000000002 0.45125348189415043 0.08906250000000002 0.45125348189415043
13 0.02812500000000003 0.3955431754874652 0.001562500000000027 0.3955431754874652 0.0015625000000000287 0.4456824512534819 0.028125000000000032 0.4456824512534819